<?xml version="1.0"?>
<opencv_storage>
<K1 type_id="opencv-matrix">
  <rows>3</rows>
  <cols>3</cols>
  <dt>d</dt>
  <data>
    6.8748297675574725e+02 0. 4.1513975143432617e+02 0.
    6.8748297675574725e+02 2.3800980186462400e+02 0. 0. 1.</data></K1>
<D1 type_id="opencv-matrix">
  <rows>5</rows>
  <cols>1</cols>
  <dt>d</dt>
  <data>
    0. 0. 0. 0. 0.</data></D1>
<P1 type_id="opencv-matrix">
  <rows>3</rows>
  <cols>4</cols>
  <dt>d</dt>
  <data>
    6.8748297675574725e+02 0. 4.1513975143432617e+02 0. 0.
    6.8748297675574725e+02 2.3800980186462400e+02 0. 0. 0. 1. 0.</data></P1>
<P2 type_id="opencv-matrix">
  <rows>3</rows>
  <cols>4</cols>
  <dt>d</dt>
  <data>
    6.8748297675574725e+02 0. 4.1513975143432617e+02
    -2.0691966201485449e+05 0. 6.8748297675574725e+02
    2.3800980186462400e+02 0. 0. 0. 1. 0.</data></P2>
<HandEye type_id="opencv-matrix">
  <rows>4</rows>
  <cols>4</cols>
  <dt>d</dt>
  <data>
    9.9979719570959902e-01 1.8209033957617301e-02
    -8.6022400310538094e-03 -188. -1.8090239014306501e-02
    9.9974261095616002e-01 1.3691423993345300e-02 270.
    8.8493335131403193e-03 -1.3533030735597499e-02
    9.9986926464187398e-01 140. 0. 0. 0. 1.</data></HandEye>
</opencv_storage>
